110.30208396911621,1.214724262058734,67,1.169370598836201,4.293509959906051
115.29643821716309,0.6953596885316063,67,-0.2967059728390359,0.8552113334772216
112.30312824249268,0.8117610627785314,67,-0.5759586531581287,-1.2915436464758039
117.29391193389893,0.912440345250069,67,0.9424777960769382,6.8067840827778845
113.28640556335449,0.8997930379904563,66,0.13962634015954656,0.8552113334772216
116.31474876403809,1.0123875541612495,67,-2.00713231299858233,-2.6005442586766543
114.3074312210083,0.6965524622239162,67,1.4661784082777886,1.8675041362364845
110.29580974578857,1.1136850820854296,67,0.6806784082777886,4.101523742186674
112.29756927490234,1.0020185725297768,67,-0.27925268031909267,-1.5882496193148399
111.30035305023193,1.0113778067752708,67,0.24434609527920625,3.6651914291880923
110.29790782928467,1.206262781098484,67,-0.1047197551196597,-1.6406094968746698
114.30596446990967,0.8032334821298708,67,0.8028514559173916,1.5358897417550104
113.31135559082031,1.214637370593845,67,-0.593411945678072,-1.6755160819145565
109.29772472381592,1.1134100327268233,67,0.01745329251994332,0.104772898470133
111.27319622039795,1.2015743742696932,67,0.5934119456780722,-0.8552113334772216
113.29714012145996,0.9058662551455189,67,0.8726646259971649,6.702064327658226
116.28427982330322,0.70963866803795,67,0.9599310885968813,2.373647782712288
112.31144618988037,0.6068411505781104,67,1.5882496193148399,2.2863813201125716
117.30278301239014,1.0058793118223537,67,1.7278759594743864,-2.007128639793479
115.2916259765625,0.711557369492947,67,0.20943951023931962,3.7699111843077517
114.29843425750732,1.0044270362704981,67,0.33161255787892263,-1.3089969389957472
111.28971576690674,0.707407346740364,67,0.7504915783575619,2.3387411976724017
115.29660129547119,0.7168620645999898,67,0.12217304763960324,1.3089969389957474
116.30127906799316,0.791516076028346,67,1.117010721276371,0.3141592653589793
119.29384517669678,1.207978635840117,67,-1.1519173063162573,-1.5009831567151235
111.29212379455566,0.597670468641444,67,0.3839724354387526,1.2915436464758034
110.29735851287842,0.31399750169366497,67,0.43633231299858255,2.426007660272118
111.29714488983154,1.0168588943779457,67,1.884955592153876,3.4732052114687164
116.29945373535156,1.0217236429452885,67,0.6457718232379019,1.5707963267948966
110.32431888580322,0.7917723564431061,67,0.9773843811168248,4.031710572106901
110.28736591339111,0.9149588370695699,67,1.9024088846738192,3.0019663134302466
113.31855010986328,0.7973340753931542,67,0.2617993877991496,1.0646508437165405
113.3137903213501,1.0943043910898258,67,-0.541052068118242,-1.3788101090755203
110.29586696624756,1.0002565853937984,67,-0.5585053606381853,0.6283185307179586
111.28850650787354,0.394600348174571,67,1.169370598836201,1.8325957145940457
112.29606342315674,0.9096133640035976,67,0.43633231299858255,1.4835298641951802
109.2889175415039,1.1107296900823702,67,1.239183768915974,3.316125578789226
110.31166648864746,1.2169822685420504,67,0.6108652381980155,0.5410520681182422
112.30582046508789,1.111131677776574,67,0.2792526803190929,2.4958208303518914
107.3012809753418,0.9112585695460428,67,0.45378560551852587,0.7504915783575616
115.30263137817383,0.8970750303473313,67,-0.19198621771937618,0.7679448708775052
115.30421543121338,1.1950282094068816,67,0.17453292519943298,-1.3962634015954636
111.29247379302979,0.4118590416386714,67,0.5061454830783556,8.09832772925369
112.3042221069336,1.0113149201497424,67,0.0872664625997166,3.8920842319473543
110.29207420349121,0.8980019736103703,67,0.9250245035569948,-0.22689280275926293
111.29532241821289,0.9184475760906924,67,0.01745329251994332,2.617993877991495
116.29888916015625,1.2166002810001364,67,-0.15707963267948954,-2.0245819323134224
111.30213069915771,0.9932682556100179,67,-0.5235987755982988,-1.5009831567151235
113.28632640838623,1.0163647457957257,67,0.1919862177193763,2.652900463031381
116.29929256439209,1.2089350575581184,67,-0.6108652381980153,-1.0995574287564276
119.28624439239502,0.8962901482358564,67,0.9948376736367679,0.45378560551852587
110.28955364227295,1.2122525868937364,67,0.20943951023931962,-0.43633231299858233
114.27930068969727,0.8952283180318762,67,0.2617993877991496,1.6929693744344991
109.2919921875,0.7000840373977543,67,0.6981317007977319,1.658062789394613
122.2861738204956,0.9083801988512267,67,1.4835298641951804,4.572762640225143
109.30308055877686,0.9141497636213888,67,0.12217304763960324,3.0019663134302466
109.28934955596924,0.8929096321575333,67,-1.413716694115407,-1.4660765716752369
114.2826566696167,0.9089149419218291,67,0.0872664625997166,2.391101075232232
119.32446765899658,0.9059861131012429,67,0.7504915783575619,-0.8203047484373349
112.28474998474121,1.1023114890791466,67,-0.5061454830783555,0.15707963267948966
117.2815933227539,1.201875355374067,67,1.3089969389957472,4.2062434973063345
111.28222751617432,0.6042794197797765,67,0.17453292519943298,2.652900463031381
111.29579448699951,0.601548437285236,67,0.15707963267948966,2.7576202181510405
114.2994909286499,0.9060911504551757,67,1.6231562043547265,3.874630939427412
116.29578113555908,0.8932410456240166,67,-0.19198621771937618,0.5235987755982987
115.32188892364502,0.8986855223542068,67,1.1344640137963145,2.0594885173533086
112.31635475158691,0.9034370110370208,67,0.3141592653589793,-1.4311699866353502
116.29127407073975,0.8977521235123266,67,1.762782544514273,-1.9896753472735358
113.28697395324707,1.1099408822134127,67,0.7155849933176752,0.715584993317675
111.28269100189209,0.921735468879341,67,0.6108652381980155,0.7853981633974483
110.27774143218994,1.1023489284794767,67,-0.541052068118242,0.5585053606381853
110.29026699066162,1.2029216802213332,67,0.01745329251994332,0.0
110.29550743103027,0.5085015408694734,67,0.0872664625997166,2.635447170511437
118.29409980773926,0.9905234798789013,67,1.4137166941154071,4.066617157146788
111.2813549041748,1.2065608606673768,67,1.3264502315156907,-1.710422666954443
111.29006099700928,0.8939596271142353,67,1.0995574287564278,3.2986722862692828
110.30034065246582,1.105071882624178,67,-0.5759586531581287,0.6632251157578453
112.28536605834961,1.0139729753136624,67,1.4660765716752369,3.9444441095071845
111.2910795211792,0.9002699965552882,67,-0.47123889803846886,0.7853981633974483
109.29300022125244,1.1132972719147791,67,0.6108652381980155,0.8377580409572785
111.29429054260254,0.9918694458901871,67,-0.6283185307179585,0.5759586531581289
116.31296920776367,0.8997315451910243,67,1.239183768915974,0.7330382858376185
115.3009786605835,1.2060098273679605,67,0.8377580409572782,0.9948376736367681
115.2844820022583,0.9034696280490596,67,0.1919862177193763,1.2915436464758034
110.29708862304688,0.9026069048326452,67,1.6231562043547265,1.9722220547535922
112.28976726531982,0.912012556195258,67,0.6981317007977319,1.9896753472735362
116.29210472106934,1.216974162310361,67,-0.5061454830783555,1.221730476396031
107.28889846801758,0.6007807353977104,67,0.5585053606381856,1.4835298641951802
110.2922134399414,1.1988377254921934,67,0.20943951023931962,5.585053606381855
112.31959819793701,0.8829955082386721,67,-0.2967059728390359,-1.361356816555577
111.30160427093506,0.9106343999505032,67,1.1344640137963145,3.385938748868999
112.28522968292236,0.9059609762392927,67,0.9948376736367679,1.1693705988362009
119.29161071777344,0.38718086909502647,67,0.3839724354387526,1.6406094968746698
111.30758857727051,1.2039132945239535,67,-0.418879020478639,0.5061454830783556
116.28729438781738,1.2015454718377432,67,-0.541052068118242,-0.6632251157578453
115.3056526184082,0.9059489500708867,67,0.12217304763960324,4.39822971502571
111.29391765594482,0.8975084296893318,67,0.13962634015954656,3.4557519189487724
110.28530502319336,0.7033051734790196,67,0.22689280275926293,1.8849555921538759
114.28525829315186,0.6953380562365045,67,1.64060949687467,7.3478361508961285
118.2843246459961,0.9099873561412085,67,1.9722220547535925,-2.321287905152458
